
# keyword cal

[root@basic ~]# cal
     April 2019
Su Mo Tu We Th Fr Sa
    1  2  3  4  5  6
 7  8  9 10 11 12 13
14 15 16 17 18 19 20
21 22 23 24 25 26 27
28 29 30


[root@basic ~]# cal 2017
                               2017

       January               February                 March
Su Mo Tu We Th Fr Sa   Su Mo Tu We Th Fr Sa   Su Mo Tu We Th Fr Sa
 1  2  3  4  5  6  7             1  2  3  4             1  2  3  4
 8  9 10 11 12 13 14    5  6  7  8  9 10 11    5  6  7  8  9 10 11
15 16 17 18 19 20 21   12 13 14 15 16 17 18   12 13 14 15 16 17 18
22 23 24 25 26 27 28   19 20 21 22 23 24 25   19 20 21 22 23 24 25
29 30 31               26 27 28               26 27 28 29 30 31

        April                   May                   June
Su Mo Tu We Th Fr Sa   Su Mo Tu We Th Fr Sa   Su Mo Tu We Th Fr Sa
                   1       1  2  3  4  5  6                1  2  3
 2  3  4  5  6  7  8    7  8  9 10 11 12 13    4  5  6  7  8  9 10
 9 10 11 12 13 14 15   14 15 16 17 18 19 20   11 12 13 14 15 16 17
16 17 18 19 20 21 22   21 22 23 24 25 26 27   18 19 20 21 22 23 24
23 24 25 26 27 28 29   28 29 30 31            25 26 27 28 29 30
30
        July                  August                September
Su Mo Tu We Th Fr Sa   Su Mo Tu We Th Fr Sa   Su Mo Tu We Th Fr Sa
                   1          1  2  3  4  5                   1  2
 2  3  4  5  6  7  8    6  7  8  9 10 11 12    3  4  5  6  7  8  9
 9 10 11 12 13 14 15   13 14 15 16 17 18 19   10 11 12 13 14 15 16
16 17 18 19 20 21 22   20 21 22 23 24 25 26   17 18 19 20 21 22 23
23 24 25 26 27 28 29   27 28 29 30 31         24 25 26 27 28 29 30
30 31
       October               November               December
Su Mo Tu We Th Fr Sa   Su Mo Tu We Th Fr Sa   Su Mo Tu We Th Fr Sa
 1  2  3  4  5  6  7             1  2  3  4                   1  2
 8  9 10 11 12 13 14    5  6  7  8  9 10 11    3  4  5  6  7  8  9
15 16 17 18 19 20 21   12 13 14 15 16 17 18   10 11 12 13 14 15 16
22 23 24 25 26 27 28   19 20 21 22 23 24 25   17 18 19 20 21 22 23
29 30 31               26 27 28 29 30         24 25 26 27 28 29 30
                                              31


[root@basic ~]# cal 2 2017
    February 2017
Su Mo Tu We Th Fr Sa
          1  2  3  4
 5  6  7  8  9 10 11
12 13 14 15 16 17 18
19 20 21 22 23 24 25
26 27 28


[root@basic ~]# cal 21 2 2017
    February 2017
Su Mo Tu We Th Fr Sa
          1  2  3  4
 5  6  7  8  9 10 11
12 13 14 15 16 17 18
19 20 21 22 23 24 25
26 27 28


// 巧用 cal 生成 %Y-%m-%d 格式的日期数据
$ cal 2 2022 | tail -n +3 | xargs | tr ' ' '\n'  | awk '{printf "2022-02-%02d\n", $1}'
2022-02-01
2022-02-02
2022-02-03
2022-02-04
2022-02-05
2022-02-06
2022-02-07
2022-02-08
2022-02-09
2022-02-10
2022-02-11
2022-02-12
2022-02-13
2022-02-14
2022-02-15
2022-02-16
2022-02-17
2022-02-18
2022-02-19
2022-02-20
2022-02-21
2022-02-22
2022-02-23
2022-02-24
2022-02-25
2022-02-26
2022-02-27
2022-02-28


